0 0.22890625 0.5953125 0.11640625 0.190625
0 0.115625 0.73046875 0.09296875 0.18359375
0 0.353125 0.353125 0.08203125 0.184375
0 0.43515625 0.353125 0.07109375 0.190625
0 0.54921875 0.34609375 0.084375 0.171875
0 0.66484375 0.47109375 0.0765625 0.178125
0 0.346875 0.4796875 0.0890625 0.17109375
0 0.3375 0.59609375 0.0859375 0.1390625
0 0.30703125 0.7265625 0.0640625 0.171875
0 0.37578125 0.72109375 0.059375 0.178125
0 0.56015625 0.6015625 0.090625 0.171875
0 0.540625 0.73125 0.06796875 0.16796875