0 0.278125 0.6046875 0.0875 0.184375
0 0.57890625 0.72890625 0.08046875 0.175
0 0.5765625 0.35390625 0.09140625 0.1859375
0 0.14609375 0.72890625 0.0890625 0.178125
0 0.228125 0.2359375 0.1 0.1859375
0 0.41171875 0.3515625 0.07890625 0.18046875
0 0.49375 0.353125 0.084375 0.19296875
0 0.39765625 0.478125 0.090625 0.17109375
0 0.68046875 0.48203125 0.10546875 0.1890625
0 0.3953125 0.5953125 0.0984375 0.159375
0 0.353125 0.72578125 0.05703125 0.165625
0 0.40546875 0.728125 0.08359375 0.1734375
0 0.59453125 0.603125 0.0890625 0.17890625