0 0.36796875 0.2625 0.06953125 0.096875
0 0.475 0.26796875 0.06640625 0.09453125
0 0.48046875 0.396875 0.0640625 0.0984375
0 0.3734375 0.52578125 0.06953125 0.09296875
0 0.37890625 0.77734375 0.0859375 0.10390625
0 0.48359375 0.646875 0.075 0.090625
0 0.67265625 0.51796875 0.06796875 0.09140625
0 0.684375 0.396875 0.07890625 0.1140625
0 0.7859375 0.38828125 0.075 0.1015625
0 0.88828125 0.384375 0.0765625 0.1140625
0 0.7828125 0.51015625 0.0734375 0.1015625
0 0.67421875 0.63828125 0.065625 0.09296875
0 0.78046875 0.63828125 0.0609375 0.1015625
0 0.5796875 0.76328125 0.07109375 0.10390625
0 0.67734375 0.759375 0.0765625 0.10546875
0 0.86875 0.7609375 0.07109375 0.09453125