2 0.2984375 0.2265625 0.0859375 0.184375
2 0.315625 0.734375 0.096875 0.16875
2 0.4234375 0.22890625 0.0921875 0.16875
2 0.4125 0.359375 0.10625 0.1765625
2 0.32734375 0.4921875 0.0875 0.1578125
2 0.4328125 0.59921875 0.084375 0.159375
2 0.646875 0.34609375 0.065625 0.1640625
2 0.70078125 0.353125 0.09375 0.175
2 0.78359375 0.3515625 0.0703125 0.1890625
2 0.60234375 0.48125 0.1046875 0.1578125
2 0.76015625 0.471875 0.0828125 0.153125
2 0.60234375 0.60390625 0.096875 0.146875
2 0.7359375 0.59921875 0.096875 0.1734375
2 0.5359375 0.72890625 0.08125 0.175
2 0.6140625 0.725 0.0640625 0.1859375
2 0.81328125 0.72890625 0.0984375 0.175