0 0.609375 0.353125 0.09296875 0.18359375
0 0.21328125 0.73203125 0.090625 0.18359375
0 0.5125 0.3546875 0.11640625 0.1625
0 0.30625 0.22578125 0.09609375 0.1734375
0 0.278125 0.36875 0.08046875 0.159375
0 0.3390625 0.60234375 0.0859375 0.17890625
0 0.48203125 0.478125 0.09453125 0.15546875
0 0.46796875 0.60625 0.10546875 0.1515625
0 0.4546875 0.72890625 0.1015625 0.171875
0 0.6484375 0.5953125 0.078125 0.15390625
0 0.71484375 0.47890625 0.07890625 0.1609375
0 0.671875 0.72265625 0.078125 0.165625