0 0.34453125 0.221875 0.08359375 0.15546875
0 0.34765625 0.73828125 0.1015625 0.184375
0 0.46015625 0.22578125 0.09296875 0.15390625
0 0.4625 0.35234375 0.096875 0.15390625
0 0.353125 0.48046875 0.0984375 0.15
0 0.46171875 0.6109375 0.0875 0.16640625
0 0.565625 0.728125 0.078125 0.1609375
0 0.65859375 0.7296875 0.078125 0.1765625
0 0.66328125 0.6046875 0.084375 0.17109375
0 0.6609375 0.4796875 0.09140625 0.1734375
0 0.6796875 0.353125 0.0875 0.18046875
0 0.853125 0.35390625 0.09140625 0.178125
0 0.746875 0.346875 0.07109375 0.159375
0 0.7828125 0.48046875 0.10390625 0.175
0 0.765625 0.6078125 0.096875 0.1734375
0 0.8640625 0.7296875 0.0859375 0.18203125