2 0.609375 0.353125 0.09375 0.184375
2 0.21328125 0.73203125 0.090625 0.184375
2 0.5125 0.3546875 0.1171875 0.1625
2 0.30625 0.22578125 0.0953125 0.1734375
2 0.278125 0.36875 0.08125 0.159375
2 0.3390625 0.60234375 0.0859375 0.1796875
2 0.48203125 0.478125 0.0953125 0.15625
2 0.46796875 0.60625 0.10625 0.1515625
2 0.4546875 0.72890625 0.1015625 0.171875
2 0.6484375 0.5953125 0.078125 0.153125
2 0.71484375 0.47890625 0.0796875 0.1609375
2 0.671875 0.72265625 0.078125 0.165625
0 0.14296875 0.13984375 0.05 0.059375