2 0.22890625 0.5953125 0.1171875 0.190625
2 0.115625 0.73046875 0.0921875 0.184375
2 0.353125 0.353125 0.0828125 0.184375
2 0.43515625 0.353125 0.0703125 0.190625
2 0.54921875 0.34609375 0.084375 0.171875
2 0.66484375 0.47109375 0.0765625 0.178125
2 0.346875 0.4796875 0.0890625 0.171875
2 0.3375 0.59609375 0.0859375 0.1390625
2 0.30703125 0.7265625 0.0640625 0.171875
2 0.37578125 0.72109375 0.059375 0.178125
2 0.56015625 0.6015625 0.090625 0.171875
2 0.540625 0.73125 0.0671875 0.16875
0 0.12734375 0.2984375 0.034375 0.04765625
0 0.17265625 0.20625 0.046875 0.0515625