0 0.24921875 0.73046875 0.09296875 0.178125
0 0.37109375 0.60078125 0.09453125 0.17109375
0 0.18671875 0.23046875 0.0765625 0.14140625
0 0.3359375 0.22578125 0.09453125 0.15390625
0 0.31640625 0.37109375 0.09453125 0.153125
0 0.578125 0.35546875 0.06953125 0.16953125
0 0.61875 0.35234375 0.05703125 0.1734375
0 0.671875 0.346875 0.071875 0.175
0 0.52890625 0.47734375 0.075 0.165625
0 0.7296875 0.471875 0.08203125 0.17109375
0 0.6703125 0.60234375 0.0734375 0.15703125
0 0.53046875 0.59765625 0.0859375 0.165625
0 0.49453125 0.73046875 0.0890625 0.1640625
0 0.71796875 0.7265625 0.0890625 0.1640625